unsigned short Tm[1 << 8][1 << 8] = {{0,0,0,0,0,0,0,0,0,0,0,0,0,0,0,0,0,0,0,0,0,0,0,0,0,0,0,0,0,0,0,0,0,0,0,0,0,0,0,0,0,0,0,0,0,0,0,0,0,0,0,0,0,0,0,0,0,0,0,0,0,0,0,0,0,0,0,0,0,0,0,0,0,0,0,0,0,0,0,0,0,0,0,0,0,0,0,0,0,0,0,0,0,0,0,0,0,0,0,0,0,0,0,0,0,0,0,0,0,0,0,0,0,0,0,0,0,0,0,0,0,0,0,0,0,0,0,0,0,0,0,0,0,0,0,0,0,0,0,0,0,0,0,0,0,0,0,0,0,0,0,0,0,0,0,0,0,0,0,0,0,0,0,0,0,0,0,0,0,0,0,0,0,0,0,0,0,0,0,0,0,0,0,0,0,0,0,0,0,0,0,0,0,0,0,0,0,0,0,0,0,0,0,0,0,0,0,0,0,0,0,0,0,0,0,0,0,0,0,0,0,0,0,0,0,0,0,0,0,0,0,0,0,0,0,0,0,0,0,0,0,0,0,0,0,0,0,0,0,0,0,0,0,0,0,0},{0,1,2,3,4,5,6,7,8,9,10,11,12,13,14,15,16,17,18,19,20,21,22,23,24,25,26,27,28,29,30,31,32,33,34,35,36,37,38,39,40,41,42,43,44,45,46,47,48,49,50,51,52,53,54,55,56,57,58,59,60,61,62,63,64,65,66,67,68,69,70,71,72,73,74,75,76,77,78,79,80,81,82,83,84,85,86,87,88,89,90,91,92,93,94,95,96,97,98,99,100,101,102,103,104,105,106,107,108,109,110,111,112,113,114,115,116,117,118,119,120,121,122,123,124,125,126,127,128,129,130,131,132,133,134,135,136,137,138,139,140,141,142,143,144,145,146,147,148,149,150,151,152,153,154,155,156,157,158,159,160,161,162,163,164,165,166,167,168,169,170,171,172,173,174,175,176,177,178,179,180,181,182,183,184,185,186,187,188,189,190,191,192,193,194,195,196,197,198,199,200,201,202,203,204,205,206,207,208,209,210,211,212,213,214,215,216,217,218,219,220,221,222,223,224,225,226,227,228,229,230,231,232,233,234,235,236,237,238,239,240,241,242,243,244,245,246,247,248,249,250,251,252,253,254,255},{0,2,4,6,8,10,12,14,16,18,20,22,24,26,28,30,32,34,36,38,40,42,44,46,48,50,52,54,56,58,60,62,64,66,68,70,72,74,76,78,80,82,84,86,88,90,92,94,96,98,100,102,104,106,108,110,112,114,116,118,120,122,124,126,128,130,132,134,136,138,140,142,144,146,148,150,152,154,156,158,160,162,164,166,168,170,172,174,176,178,180,182,184,186,188,190,192,194,196,198,200,202,204,206,208,210,212,214,216,218,220,222,224,226,228,230,232,234,236,238,240,242,244,246,248,250,252,254,256,258,260,262,264,266,268,270,272,274,276,278,280,282,284,286,288,290,292,294,296,298,300,302,304,306,308,310,312,314,316,318,320,322,324,326,328,330,332,334,336,338,340,342,344,346,348,350,352,354,356,358,360,362,364,366,368,370,372,374,376,378,380,382,384,386,388,390,392,394,396,398,400,402,404,406,408,410,412,414,416,418,420,422,424,426,428,430,432,434,436,438,440,442,444,446,448,450,452,454,456,458,460,462,464,466,468,470,472,474,476,478,480,482,484,486,488,490,492,494,496,498,500,502,504,506,508,510},{0,3,6,5,12,15,10,9,24,27,30,29,20,23,18,17,48,51,54,53,60,63,58,57,40,43,46,45,36,39,34,33,96,99,102,101,108,111,106,105,120,123,126,125,116,119,114,113,80,83,86,85,92,95,90,89,72,75,78,77,68,71,66,65,192,195,198,197,204,207,202,201,216,219,222,221,212,215,210,209,240,243,246,245,252,255,250,249,232,235,238,237,228,231,226,225,160,163,166,165,172,175,170,169,184,187,190,189,180,183,178,177,144,147,150,149,156,159,154,153,136,139,142,141,132,135,130,129,384,387,390,389,396,399,394,393,408,411,414,413,404,407,402,401,432,435,438,437,444,447,442,441,424,427,430,429,420,423,418,417,480,483,486,485,492,495,490,489,504,507,510,509,500,503,498,497,464,467,470,469,476,479,474,473,456,459,462,461,452,455,450,449,320,323,326,325,332,335,330,329,344,347,350,349,340,343,338,337,368,371,374,373,380,383,378,377,360,363,366,365,356,359,354,353,288,291,294,293,300,303,298,297,312,315,318,317,308,311,306,305,272,275,278,277,284,287,282,281,264,267,270,269,260,263,258,257},{0,4,8,12,16,20,24,28,32,36,40,44,48,52,56,60,64,68,72,76,80,84,88,92,96,100,104,108,112,116,120,124,128,132,136,140,144,148,152,156,160,164,168,172,176,180,184,188,192,196,200,204,208,212,216,220,224,228,232,236,240,244,248,252,256,260,264,268,272,276,280,284,288,292,296,300,304,308,312,316,320,324,328,332,336,340,344,348,352,356,360,364,368,372,376,380,384,388,392,396,400,404,408,412,416,420,424,428,432,436,440,444,448,452,456,460,464,468,472,476,480,484,488,492,496,500,504,508,512,516,520,524,528,532,536,540,544,548,552,556,560,564,568,572,576,580,584,588,592,596,600,604,608,612,616,620,624,628,632,636,640,644,648,652,656,660,664,668,672,676,680,684,688,692,696,700,704,708,712,716,720,724,728,732,736,740,744,748,752,756,760,764,768,772,776,780,784,788,792,796,800,804,808,812,816,820,824,828,832,836,840,844,848,852,856,860,864,868,872,876,880,884,888,892,896,900,904,908,912,916,920,924,928,932,936,940,944,948,952,956,960,964,968,972,976,980,984,988,992,996,1000,1004,1008,1012,1016,1020},{0,5,10,15,20,17,30,27,40,45,34,39,60,57,54,51,80,85,90,95,68,65,78,75,120,125,114,119,108,105,102,99,160,165,170,175,180,177,190,187,136,141,130,135,156,153,150,147,240,245,250,255,228,225,238,235,216,221,210,215,204,201,198,195,320,325,330,335,340,337,350,347,360,365,354,359,380,377,374,371,272,277,282,287,260,257,270,267,312,317,306,311,300,297,294,291,480,485,490,495,500,497,510,507,456,461,450,455,476,473,470,467,432,437,442,447,420,417,430,427,408,413,402,407,396,393,390,387,640,645,650,655,660,657,670,667,680,685,674,679,700,697,694,691,720,725,730,735,708,705,718,715,760,765,754,759,748,745,742,739,544,549,554,559,564,561,574,571,520,525,514,519,540,537,534,531,624,629,634,639,612,609,622,619,600,605,594,599,588,585,582,579,960,965,970,975,980,977,990,987,1000,1005,994,999,1020,1017,1014,1011,912,917,922,927,900,897,910,907,952,957,946,951,940,937,934,931,864,869,874,879,884,881,894,891,840,845,834,839,860,857,854,851,816,821,826,831,804,801,814,811,792,797,786,791,780,777,774,771},{0,6,12,10,24,30,20,18,48,54,60,58,40,46,36,34,96,102,108,106,120,126,116,114,80,86,92,90,72,78,68,66,192,198,204,202,216,222,212,210,240,246,252,250,232,238,228,226,160,166,172,170,184,190,180,178,144,150,156,154,136,142,132,130,384,390,396,394,408,414,404,402,432,438,444,442,424,430,420,418,480,486,492,490,504,510,500,498,464,470,476,474,456,462,452,450,320,326,332,330,344,350,340,338,368,374,380,378,360,366,356,354,288,294,300,298,312,318,308,306,272,278,284,282,264,270,260,258,768,774,780,778,792,798,788,786,816,822,828,826,808,814,804,802,864,870,876,874,888,894,884,882,848,854,860,858,840,846,836,834,960,966,972,970,984,990,980,978,1008,1014,1020,1018,1000,1006,996,994,928,934,940,938,952,958,948,946,912,918,924,922,904,910,900,898,640,646,652,650,664,670,660,658,688,694,700,698,680,686,676,674,736,742,748,746,760,766,756,754,720,726,732,730,712,718,708,706,576,582,588,586,600,606,596,594,624,630,636,634,616,622,612,610,544,550,556,554,568,574,564,562,528,534,540,538,520,526,516,514},{0,7,14,9,28,27,18,21,56,63,54,49,36,35,42,45,112,119,126,121,108,107,98,101,72,79,70,65,84,83,90,93,224,231,238,233,252,251,242,245,216,223,214,209,196,195,202,205,144,151,158,153,140,139,130,133,168,175,166,161,180,179,186,189,448,455,462,457,476,475,466,469,504,511,502,497,484,483,490,493,432,439,446,441,428,427,418,421,392,399,390,385,404,403,410,413,288,295,302,297,316,315,306,309,280,287,278,273,260,259,266,269,336,343,350,345,332,331,322,325,360,367,358,353,372,371,378,381,896,903,910,905,924,923,914,917,952,959,950,945,932,931,938,941,1008,1015,1022,1017,1004,1003,994,997,968,975,966,961,980,979,986,989,864,871,878,873,892,891,882,885,856,863,854,849,836,835,842,845,784,791,798,793,780,779,770,773,808,815,806,801,820,819,826,829,576,583,590,585,604,603,594,597,632,639,630,625,612,611,618,621,560,567,574,569,556,555,546,549,520,527,518,513,532,531,538,541,672,679,686,681,700,699,690,693,664,671,662,657,644,643,650,653,720,727,734,729,716,715,706,709,744,751,742,737,756,755,762,765},{0,8,16,24,32,40,48,56,64,72,80,88,96,104,112,120,128,136,144,152,160,168,176,184,192,200,208,216,224,232,240,248,256,264,272,280,288,296,304,312,320,328,336,344,352,360,368,376,384,392,400,408,416,424,432,440,448,456,464,472,480,488,496,504,512,520,528,536,544,552,560,568,576,584,592,600,608,616,624,632,640,648,656,664,672,680,688,696,704,712,720,728,736,744,752,760,768,776,784,792,800,808,816,824,832,840,848,856,864,872,880,888,896,904,912,920,928,936,944,952,960,968,976,984,992,1000,1008,1016,1024,1032,1040,1048,1056,1064,1072,1080,1088,1096,1104,1112,1120,1128,1136,1144,1152,1160,1168,1176,1184,1192,1200,1208,1216,1224,1232,1240,1248,1256,1264,1272,1280,1288,1296,1304,1312,1320,1328,1336,1344,1352,1360,1368,1376,1384,1392,1400,1408,1416,1424,1432,1440,1448,1456,1464,1472,1480,1488,1496,1504,1512,1520,1528,1536,1544,1552,1560,1568,1576,1584,1592,1600,1608,1616,1624,1632,1640,1648,1656,1664,1672,1680,1688,1696,1704,1712,1720,1728,1736,1744,1752,1760,1768,1776,1784,1792,1800,1808,1816,1824,1832,1840,1848,1856,1864,1872,1880,1888,1896,1904,1912,1920,1928,1936,1944,1952,1960,1968,1976,1984,1992,2000,2008,2016,2024,2032,2040},{0,9,18,27,36,45,54,63,72,65,90,83,108,101,126,119,144,153,130,139,180,189,166,175,216,209,202,195,252,245,238,231,288,297,306,315,260,269,278,287,360,353,378,371,332,325,350,343,432,441,418,427,404,413,390,399,504,497,490,483,476,469,462,455,576,585,594,603,612,621,630,639,520,513,538,531,556,549,574,567,720,729,706,715,756,765,742,751,664,657,650,643,700,693,686,679,864,873,882,891,836,845,854,863,808,801,826,819,780,773,798,791,1008,1017,994,1003,980,989,966,975,952,945,938,931,924,917,910,903,1152,1161,1170,1179,1188,1197,1206,1215,1224,1217,1242,1235,1260,1253,1278,1271,1040,1049,1026,1035,1076,1085,1062,1071,1112,1105,1098,1091,1148,1141,1134,1127,1440,1449,1458,1467,1412,1421,1430,1439,1512,1505,1530,1523,1484,1477,1502,1495,1328,1337,1314,1323,1300,1309,1286,1295,1400,1393,1386,1379,1372,1365,1358,1351,1728,1737,1746,1755,1764,1773,1782,1791,1672,1665,1690,1683,1708,1701,1726,1719,1616,1625,1602,1611,1652,1661,1638,1647,1560,1553,1546,1539,1596,1589,1582,1575,2016,2025,2034,2043,1988,1997,2006,2015,1960,1953,1978,1971,1932,1925,1950,1943,1904,1913,1890,1899,1876,1885,1862,1871,1848,1841,1834,1827,1820,1813,1806,1799},{0,10,20,30,40,34,60,54,80,90,68,78,120,114,108,102,160,170,180,190,136,130,156,150,240,250,228,238,216,210,204,198,320,330,340,350,360,354,380,374,272,282,260,270,312,306,300,294,480,490,500,510,456,450,476,470,432,442,420,430,408,402,396,390,640,650,660,670,680,674,700,694,720,730,708,718,760,754,748,742,544,554,564,574,520,514,540,534,624,634,612,622,600,594,588,582,960,970,980,990,1000,994,1020,1014,912,922,900,910,952,946,940,934,864,874,884,894,840,834,860,854,816,826,804,814,792,786,780,774,1280,1290,1300,1310,1320,1314,1340,1334,1360,1370,1348,1358,1400,1394,1388,1382,1440,1450,1460,1470,1416,1410,1436,1430,1520,1530,1508,1518,1496,1490,1484,1478,1088,1098,1108,1118,1128,1122,1148,1142,1040,1050,1028,1038,1080,1074,1068,1062,1248,1258,1268,1278,1224,1218,1244,1238,1200,1210,1188,1198,1176,1170,1164,1158,1920,1930,1940,1950,1960,1954,1980,1974,2000,2010,1988,1998,2040,2034,2028,2022,1824,1834,1844,1854,1800,1794,1820,1814,1904,1914,1892,1902,1880,1874,1868,1862,1728,1738,1748,1758,1768,1762,1788,1782,1680,1690,1668,1678,1720,1714,1708,1702,1632,1642,1652,1662,1608,1602,1628,1622,1584,1594,1572,1582,1560,1554,1548,1542},{0,11,22,29,44,39,58,49,88,83,78,69,116,127,98,105,176,187,166,173,156,151,138,129,232,227,254,245,196,207,210,217,352,363,374,381,332,327,346,337,312,307,302,293,276,287,258,265,464,475,454,461,508,503,490,481,392,387,414,405,420,431,434,441,704,715,726,733,748,743,762,753,664,659,654,645,692,703,674,681,624,635,614,621,604,599,586,577,552,547,574,565,516,527,530,537,928,939,950,957,908,903,922,913,1016,1011,1006,997,980,991,962,969,784,795,774,781,828,823,810,801,840,835,862,853,868,879,882,889,1408,1419,1430,1437,1452,1447,1466,1457,1496,1491,1486,1477,1524,1535,1506,1513,1328,1339,1318,1325,1308,1303,1290,1281,1384,1379,1406,1397,1348,1359,1362,1369,1248,1259,1270,1277,1228,1223,1242,1233,1208,1203,1198,1189,1172,1183,1154,1161,1104,1115,1094,1101,1148,1143,1130,1121,1032,1027,1054,1045,1060,1071,1074,1081,1856,1867,1878,1885,1900,1895,1914,1905,1816,1811,1806,1797,1844,1855,1826,1833,2032,2043,2022,2029,2012,2007,1994,1985,1960,1955,1982,1973,1924,1935,1938,1945,1568,1579,1590,1597,1548,1543,1562,1553,1656,1651,1646,1637,1620,1631,1602,1609,1680,1691,1670,1677,1724,1719,1706,1697,1736,1731,1758,1749,1764,1775,1778,1785},{0,12,24,20,48,60,40,36,96,108,120,116,80,92,72,68,192,204,216,212,240,252,232,228,160,172,184,180,144,156,136,132,384,396,408,404,432,444,424,420,480,492,504,500,464,476,456,452,320,332,344,340,368,380,360,356,288,300,312,308,272,284,264,260,768,780,792,788,816,828,808,804,864,876,888,884,848,860,840,836,960,972,984,980,1008,1020,1000,996,928,940,952,948,912,924,904,900,640,652,664,660,688,700,680,676,736,748,760,756,720,732,712,708,576,588,600,596,624,636,616,612,544,556,568,564,528,540,520,516,1536,1548,1560,1556,1584,1596,1576,1572,1632,1644,1656,1652,1616,1628,1608,1604,1728,1740,1752,1748,1776,1788,1768,1764,1696,1708,1720,1716,1680,1692,1672,1668,1920,1932,1944,1940,1968,1980,1960,1956,2016,2028,2040,2036,2000,2012,1992,1988,1856,1868,1880,1876,1904,1916,1896,1892,1824,1836,1848,1844,1808,1820,1800,1796,1280,1292,1304,1300,1328,1340,1320,1316,1376,1388,1400,1396,1360,1372,1352,1348,1472,1484,1496,1492,1520,1532,1512,1508,1440,1452,1464,1460,1424,1436,1416,1412,1152,1164,1176,1172,1200,1212,1192,1188,1248,1260,1272,1268,1232,1244,1224,1220,1088,1100,1112,1108,1136,1148,1128,1124,1056,1068,1080,1076,1040,1052,1032,1028},{0,13,26,23,52,57,46,35,104,101,114,127,92,81,70,75,208,221,202,199,228,233,254,243,184,181,162,175,140,129,150,155,416,429,442,439,404,409,398,387,456,453,466,479,508,497,486,491,368,381,362,359,324,329,350,339,280,277,258,271,300,289,310,315,832,845,858,855,884,889,878,867,808,805,818,831,796,785,774,779,912,925,906,903,932,937,958,947,1016,1013,994,1007,972,961,982,987,736,749,762,759,724,729,718,707,648,645,658,671,700,689,678,683,560,573,554,551,516,521,542,531,600,597,578,591,620,609,630,635,1664,1677,1690,1687,1716,1721,1710,1699,1768,1765,1778,1791,1756,1745,1734,1739,1616,1629,1610,1607,1636,1641,1662,1651,1592,1589,1570,1583,1548,1537,1558,1563,1824,1837,1850,1847,1812,1817,1806,1795,1864,1861,1874,1887,1916,1905,1894,1899,2032,2045,2026,2023,1988,1993,2014,2003,1944,1941,1922,1935,1964,1953,1974,1979,1472,1485,1498,1495,1524,1529,1518,1507,1448,1445,1458,1471,1436,1425,1414,1419,1296,1309,1290,1287,1316,1321,1342,1331,1400,1397,1378,1391,1356,1345,1366,1371,1120,1133,1146,1143,1108,1113,1102,1091,1032,1029,1042,1055,1084,1073,1062,1067,1200,1213,1194,1191,1156,1161,1182,1171,1240,1237,1218,1231,1260,1249,1270,1275},{0,14,28,18,56,54,36,42,112,126,108,98,72,70,84,90,224,238,252,242,216,214,196,202,144,158,140,130,168,166,180,186,448,462,476,466,504,502,484,490,432,446,428,418,392,390,404,410,288,302,316,306,280,278,260,266,336,350,332,322,360,358,372,378,896,910,924,914,952,950,932,938,1008,1022,1004,994,968,966,980,986,864,878,892,882,856,854,836,842,784,798,780,770,808,806,820,826,576,590,604,594,632,630,612,618,560,574,556,546,520,518,532,538,672,686,700,690,664,662,644,650,720,734,716,706,744,742,756,762,1792,1806,1820,1810,1848,1846,1828,1834,1904,1918,1900,1890,1864,1862,1876,1882,2016,2030,2044,2034,2008,2006,1988,1994,1936,1950,1932,1922,1960,1958,1972,1978,1728,1742,1756,1746,1784,1782,1764,1770,1712,1726,1708,1698,1672,1670,1684,1690,1568,1582,1596,1586,1560,1558,1540,1546,1616,1630,1612,1602,1640,1638,1652,1658,1152,1166,1180,1170,1208,1206,1188,1194,1264,1278,1260,1250,1224,1222,1236,1242,1120,1134,1148,1138,1112,1110,1092,1098,1040,1054,1036,1026,1064,1062,1076,1082,1344,1358,1372,1362,1400,1398,1380,1386,1328,1342,1324,1314,1288,1286,1300,1306,1440,1454,1468,1458,1432,1430,1412,1418,1488,1502,1484,1474,1512,1510,1524,1530},{0,15,30,17,60,51,34,45,120,119,102,105,68,75,90,85,240,255,238,225,204,195,210,221,136,135,150,153,180,187,170,165,480,495,510,497,476,467,450,461,408,407,390,393,420,427,442,437,272,287,270,257,300,291,306,317,360,359,374,377,340,347,330,325,960,975,990,977,1020,1011,994,1005,952,951,934,937,900,907,922,917,816,831,814,801,780,771,786,797,840,839,854,857,884,891,874,869,544,559,574,561,540,531,514,525,600,599,582,585,612,619,634,629,720,735,718,705,748,739,754,765,680,679,694,697,660,667,650,645,1920,1935,1950,1937,1980,1971,1954,1965,2040,2039,2022,2025,1988,1995,2010,2005,1904,1919,1902,1889,1868,1859,1874,1885,1800,1799,1814,1817,1844,1851,1834,1829,1632,1647,1662,1649,1628,1619,1602,1613,1560,1559,1542,1545,1572,1579,1594,1589,1680,1695,1678,1665,1708,1699,1714,1725,1768,1767,1782,1785,1748,1755,1738,1733,1088,1103,1118,1105,1148,1139,1122,1133,1080,1079,1062,1065,1028,1035,1050,1045,1200,1215,1198,1185,1164,1155,1170,1181,1224,1223,1238,1241,1268,1275,1258,1253,1440,1455,1470,1457,1436,1427,1410,1421,1496,1495,1478,1481,1508,1515,1530,1525,1360,1375,1358,1345,1388,1379,1394,1405,1320,1319,1334,1337,1300,1307,1290,1285},{0,16,32,48,64,80,96,112,128,144,160,176,192,208,224,240,256,272,288,304,320,336,352,368,384,400,416,432,448,464,480,496,512,528,544,560,576,592,608,624,640,656,672,688,704,720,736,752,768,784,800,816,832,848,864,880,896,912,928,944,960,976,992,1008,1024,1040,1056,1072,1088,1104,1120,1136,1152,1168,1184,1200,1216,1232,1248,1264,1280,1296,1312,1328,1344,1360,1376,1392,1408,1424,1440,1456,1472,1488,1504,1520,1536,1552,1568,1584,1600,1616,1632,1648,1664,1680,1696,1712,1728,1744,1760,1776,1792,1808,1824,1840,1856,1872,1888,1904,1920,1936,1952,1968,1984,2000,2016,2032,2048,2064,2080,2096,2112,2128,2144,2160,2176,2192,2208,2224,2240,2256,2272,2288,2304,2320,2336,2352,2368,2384,2400,2416,2432,2448,2464,2480,2496,2512,2528,2544,2560,2576,2592,2608,2624,2640,2656,2672,2688,2704,2720,2736,2752,2768,2784,2800,2816,2832,2848,2864,2880,2896,2912,2928,2944,2960,2976,2992,3008,3024,3040,3056,3072,3088,3104,3120,3136,3152,3168,3184,3200,3216,3232,3248,3264,3280,3296,3312,3328,3344,3360,3376,3392,3408,3424,3440,3456,3472,3488,3504,3520,3536,3552,3568,3584,3600,3616,3632,3648,3664,3680,3696,3712,3728,3744,3760,3776,3792,3808,3824,3840,3856,3872,3888,3904,3920,3936,3952,3968,3984,4000,4016,4032,4048,4064,4080},{0,17,34,51,68,85,102,119,136,153,170,187,204,221,238,255,272,257,306,291,340,325,374,359,408,393,442,427,476,461,510,495,544,561,514,531,612,629,582,599,680,697,650,667,748,765,718,735,816,801,786,771,884,869,854,839,952,937,922,907,1020,1005,990,975,1088,1105,1122,1139,1028,1045,1062,1079,1224,1241,1258,1275,1164,1181,1198,1215,1360,1345,1394,1379,1300,1285,1334,1319,1496,1481,1530,1515,1436,1421,1470,1455,1632,1649,1602,1619,1572,1589,1542,1559,1768,1785,1738,1755,1708,1725,1678,1695,1904,1889,1874,1859,1844,1829,1814,1799,2040,2025,2010,1995,1980,1965,1950,1935,2176,2193,2210,2227,2244,2261,2278,2295,2056,2073,2090,2107,2124,2141,2158,2175,2448,2433,2482,2467,2516,2501,2550,2535,2328,2313,2362,2347,2396,2381,2430,2415,2720,2737,2690,2707,2788,2805,2758,2775,2600,2617,2570,2587,2668,2685,2638,2655,2992,2977,2962,2947,3060,3045,3030,3015,2872,2857,2842,2827,2940,2925,2910,2895,3264,3281,3298,3315,3204,3221,3238,3255,3144,3161,3178,3195,3084,3101,3118,3135,3536,3521,3570,3555,3476,3461,3510,3495,3416,3401,3450,3435,3356,3341,3390,3375,3808,3825,3778,3795,3748,3765,3718,3735,3688,3705,3658,3675,3628,3645,3598,3615,4080,4065,4050,4035,4020,4005,3990,3975,3960,3945,3930,3915,3900,3885,3870,3855},{0,18,36,54,72,90,108,126,144,130,180,166,216,202,252,238,288,306,260,278,360,378,332,350,432,418,404,390,504,490,476,462,576,594,612,630,520,538,556,574,720,706,756,742,664,650,700,686,864,882,836,854,808,826,780,798,1008,994,980,966,952,938,924,910,1152,1170,1188,1206,1224,1242,1260,1278,1040,1026,1076,1062,1112,1098,1148,1134,1440,1458,1412,1430,1512,1530,1484,1502,1328,1314,1300,1286,1400,1386,1372,1358,1728,1746,1764,1782,1672,1690,1708,1726,1616,1602,1652,1638,1560,1546,1596,1582,2016,2034,1988,2006,1960,1978,1932,1950,1904,1890,1876,1862,1848,1834,1820,1806,2304,2322,2340,2358,2376,2394,2412,2430,2448,2434,2484,2470,2520,2506,2556,2542,2080,2098,2052,2070,2152,2170,2124,2142,2224,2210,2196,2182,2296,2282,2268,2254,2880,2898,2916,2934,2824,2842,2860,2878,3024,3010,3060,3046,2968,2954,3004,2990,2656,2674,2628,2646,2600,2618,2572,2590,2800,2786,2772,2758,2744,2730,2716,2702,3456,3474,3492,3510,3528,3546,3564,3582,3344,3330,3380,3366,3416,3402,3452,3438,3232,3250,3204,3222,3304,3322,3276,3294,3120,3106,3092,3078,3192,3178,3164,3150,4032,4050,4068,4086,3976,3994,4012,4030,3920,3906,3956,3942,3864,3850,3900,3886,3808,3826,3780,3798,3752,3770,3724,3742,3696,3682,3668,3654,3640,3626,3612,3598},{0,19,38,53,76,95,106,121,152,139,190,173,212,199,242,225,304,291,278,261,380,367,346,329,424,443,398,413,484,503,450,465,608,627,582,597,556,575,522,537,760,747,734,717,692,679,658,641,848,835,886,869,796,783,826,809,968,987,1006,1021,900,919,930,945,1216,1235,1254,1269,1164,1183,1194,1209,1112,1099,1150,1133,1044,1031,1074,1057,1520,1507,1494,1477,1468,1455,1434,1417,1384,1403,1358,1373,1316,1335,1282,1297,1696,1715,1670,1685,1772,1791,1738,1753,1592,1579,1566,1549,1652,1639,1618,1601,1936,1923,1974,1957,2012,1999,2042,2025,1800,1819,1838,1853,1860,1879,1890,1905,2432,2451,2470,2485,2508,2527,2538,2553,2328,2315,2366,2349,2388,2375,2418,2401,2224,2211,2198,2181,2300,2287,2266,2249,2088,2107,2062,2077,2148,2167,2114,2129,3040,3059,3014,3029,2988,3007,2954,2969,2936,2923,2910,2893,2868,2855,2834,2817,2768,2755,2806,2789,2716,2703,2746,2729,2632,2651,2670,2685,2564,2583,2594,2609,3392,3411,3430,3445,3340,3359,3370,3385,3544,3531,3582,3565,3476,3463,3506,3489,3184,3171,3158,3141,3132,3119,3098,3081,3304,3323,3278,3293,3236,3255,3202,3217,3872,3891,3846,3861,3948,3967,3914,3929,4024,4011,3998,3981,4084,4071,4050,4033,3600,3587,3638,3621,3676,3663,3706,3689,3720,3739,3758,3773,3780,3799,3810,3825},{0,20,40,60,80,68,120,108,160,180,136,156,240,228,216,204,320,340,360,380,272,260,312,300,480,500,456,476,432,420,408,396,640,660,680,700,720,708,760,748,544,564,520,540,624,612,600,588,960,980,1000,1020,912,900,952,940,864,884,840,860,816,804,792,780,1280,1300,1320,1340,1360,1348,1400,1388,1440,1460,1416,1436,1520,1508,1496,1484,1088,1108,1128,1148,1040,1028,1080,1068,1248,1268,1224,1244,1200,1188,1176,1164,1920,1940,1960,1980,2000,1988,2040,2028,1824,1844,1800,1820,1904,1892,1880,1868,1728,1748,1768,1788,1680,1668,1720,1708,1632,1652,1608,1628,1584,1572,1560,1548,2560,2580,2600,2620,2640,2628,2680,2668,2720,2740,2696,2716,2800,2788,2776,2764,2880,2900,2920,2940,2832,2820,2872,2860,3040,3060,3016,3036,2992,2980,2968,2956,2176,2196,2216,2236,2256,2244,2296,2284,2080,2100,2056,2076,2160,2148,2136,2124,2496,2516,2536,2556,2448,2436,2488,2476,2400,2420,2376,2396,2352,2340,2328,2316,3840,3860,3880,3900,3920,3908,3960,3948,4000,4020,3976,3996,4080,4068,4056,4044,3648,3668,3688,3708,3600,3588,3640,3628,3808,3828,3784,3804,3760,3748,3736,3724,3456,3476,3496,3516,3536,3524,3576,3564,3360,3380,3336,3356,3440,3428,3416,3404,3264,3284,3304,3324,3216,3204,3256,3244,3168,3188,3144,3164,3120,3108,3096,3084},{0,21,42,63,84,65,126,107,168,189,130,151,252,233,214,195,336,325,378,367,260,273,302,315,504,493,466,455,428,441,390,403,672,693,650,671,756,737,734,715,520,541,546,567,604,585,630,611,1008,997,986,975,932,945,910,923,856,845,882,871,780,793,806,819,1344,1365,1386,1407,1300,1281,1342,1323,1512,1533,1474,1495,1468,1449,1430,1411,1040,1029,1082,1071,1092,1105,1134,1147,1208,1197,1170,1159,1260,1273,1222,1235,2016,2037,1994,2015,1972,1953,1950,1931,1864,1885,1890,1911,1820,1801,1846,1827,1712,1701,1690,1679,1764,1777,1742,1755,1560,1549,1586,1575,1612,1625,1638,1651,2688,2709,2730,2751,2772,2753,2814,2795,2600,2621,2562,2583,2684,2665,2646,2627,3024,3013,3066,3055,2948,2961,2990,3003,2936,2925,2898,2887,2860,2873,2822,2835,2080,2101,2058,2079,2164,2145,2142,2123,2184,2205,2210,2231,2268,2249,2294,2275,2416,2405,2394,2383,2340,2353,2318,2331,2520,2509,2546,2535,2444,2457,2470,2483,4032,4053,4074,4095,3988,3969,4030,4011,3944,3965,3906,3927,3900,3881,3862,3843,3728,3717,3770,3759,3780,3793,3822,3835,3640,3629,3602,3591,3692,3705,3654,3667,3424,3445,3402,3423,3380,3361,3358,3339,3528,3549,3554,3575,3484,3465,3510,3491,3120,3109,3098,3087,3172,3185,3150,3163,3224,3213,3250,3239,3276,3289,3302,3315},{0,22,44,58,88,78,116,98,176,166,156,138,232,254,196,210,352,374,332,346,312,302,276,258,464,454,508,490,392,414,420,434,704,726,748,762,664,654,692,674,624,614,604,586,552,574,516,530,928,950,908,922,1016,1006,980,962,784,774,828,810,840,862,868,882,1408,1430,1452,1466,1496,1486,1524,1506,1328,1318,1308,1290,1384,1406,1348,1362,1248,1270,1228,1242,1208,1198,1172,1154,1104,1094,1148,1130,1032,1054,1060,1074,1856,1878,1900,1914,1816,1806,1844,1826,2032,2022,2012,1994,1960,1982,1924,1938,1568,1590,1548,1562,1656,1646,1620,1602,1680,1670,1724,1706,1736,1758,1764,1778,2816,2838,2860,2874,2904,2894,2932,2914,2992,2982,2972,2954,3048,3070,3012,3026,2656,2678,2636,2650,2616,2606,2580,2562,2768,2758,2812,2794,2696,2718,2724,2738,2496,2518,2540,2554,2456,2446,2484,2466,2416,2406,2396,2378,2344,2366,2308,2322,2208,2230,2188,2202,2296,2286,2260,2242,2064,2054,2108,2090,2120,2142,2148,2162,3712,3734,3756,3770,3800,3790,3828,3810,3632,3622,3612,3594,3688,3710,3652,3666,4064,4086,4044,4058,4024,4014,3988,3970,3920,3910,3964,3946,3848,3870,3876,3890,3136,3158,3180,3194,3096,3086,3124,3106,3312,3302,3292,3274,3240,3262,3204,3218,3360,3382,3340,3354,3448,3438,3412,3394,3472,3462,3516,3498,3528,3550,3556,3570},{0,23,46,57,92,75,114,101,184,175,150,129,228,243,202,221,368,359,350,329,300,315,258,277,456,479,486,497,404,387,442,429,736,759,718,729,700,683,658,645,600,591,630,609,516,531,554,573,912,903,958,937,972,987,994,1013,808,831,774,785,884,867,858,845,1472,1495,1518,1529,1436,1419,1458,1445,1400,1391,1366,1345,1316,1331,1290,1309,1200,1191,1182,1161,1260,1275,1218,1237,1032,1055,1062,1073,1108,1091,1146,1133,1824,1847,1806,1817,1916,1899,1874,1861,1944,1935,1974,1953,1988,2003,2026,2045,1616,1607,1662,1641,1548,1563,1570,1589,1768,1791,1734,1745,1716,1699,1690,1677,2944,2967,2990,3001,3036,3019,3058,3045,2872,2863,2838,2817,2916,2931,2890,2909,2800,2791,2782,2761,2732,2747,2690,2709,2632,2655,2662,2673,2580,2563,2618,2605,2400,2423,2382,2393,2364,2347,2322,2309,2520,2511,2550,2529,2436,2451,2474,2493,2064,2055,2110,2089,2124,2139,2146,2165,2216,2239,2182,2193,2292,2275,2266,2253,3648,3671,3694,3705,3612,3595,3634,3621,3832,3823,3798,3777,3748,3763,3722,3741,3888,3879,3870,3849,3948,3963,3906,3925,3976,3999,4006,4017,4052,4035,4090,4077,3232,3255,3214,3225,3324,3307,3282,3269,3096,3087,3126,3105,3140,3155,3178,3197,3536,3527,3582,3561,3468,3483,3490,3509,3432,3455,3398,3409,3380,3363,3354,3341},{0,24,48,40,96,120,80,72,192,216,240,232,160,184,144,136,384,408,432,424,480,504,464,456,320,344,368,360,288,312,272,264,768,792,816,808,864,888,848,840,960,984,1008,1000,928,952,912,904,640,664,688,680,736,760,720,712,576,600,624,616,544,568,528,520,1536,1560,1584,1576,1632,1656,1616,1608,1728,1752,1776,1768,1696,1720,1680,1672,1920,1944,1968,1960,2016,2040,2000,1992,1856,1880,1904,1896,1824,1848,1808,1800,1280,1304,1328,1320,1376,1400,1360,1352,1472,1496,1520,1512,1440,1464,1424,1416,1152,1176,1200,1192,1248,1272,1232,1224,1088,1112,1136,1128,1056,1080,1040,1032,3072,3096,3120,3112,3168,3192,3152,3144,3264,3288,3312,3304,3232,3256,3216,3208,3456,3480,3504,3496,3552,3576,3536,3528,3392,3416,3440,3432,3360,3384,3344,3336,3840,3864,3888,3880,3936,3960,3920,3912,4032,4056,4080,4072,4000,4024,3984,3976,3712,3736,3760,3752,3808,3832,3792,3784,3648,3672,3696,3688,3616,3640,3600,3592,2560,2584,2608,2600,2656,2680,2640,2632,2752,2776,2800,2792,2720,2744,2704,2696,2944,2968,2992,2984,3040,3064,3024,3016,2880,2904,2928,2920,2848,2872,2832,2824,2304,2328,2352,2344,2400,2424,2384,2376,2496,2520,2544,2536,2464,2488,2448,2440,2176,2200,2224,2216,2272,2296,2256,2248,2112,2136,2160,2152,2080,2104,2064,2056},{0,25,50,43,100,125,86,79,200,209,250,227,172,181,158,135,400,393,418,443,500,493,454,479,344,321,362,371,316,293,270,279,800,825,786,779,836,861,886,879,1000,1009,986,963,908,917,958,935,688,681,642,667,724,717,742,767,632,609,586,595,540,517,558,567,1600,1625,1650,1643,1572,1597,1558,1551,1672,1681,1722,1699,1772,1781,1758,1735,2000,1993,2018,2043,1972,1965,1926,1951,1816,1793,1834,1843,1916,1893,1870,1879,1376,1401,1362,1355,1284,1309,1334,1327,1448,1457,1434,1411,1484,1493,1534,1511,1264,1257,1218,1243,1172,1165,1190,1215,1080,1057,1034,1043,1116,1093,1134,1143,3200,3225,3250,3243,3300,3325,3286,3279,3144,3153,3194,3171,3116,3125,3102,3079,3344,3337,3362,3387,3444,3437,3398,3423,3544,3521,3562,3571,3516,3493,3470,3479,4000,4025,3986,3979,4036,4061,4086,4079,3944,3953,3930,3907,3852,3861,3902,3879,3632,3625,3586,3611,3668,3661,3686,3711,3832,3809,3786,3795,3740,3717,3758,3767,2752,2777,2802,2795,2724,2749,2710,2703,2568,2577,2618,2595,2668,2677,2654,2631,2896,2889,2914,2939,2868,2861,2822,2847,2968,2945,2986,2995,3068,3045,3022,3031,2528,2553,2514,2507,2436,2461,2486,2479,2344,2353,2330,2307,2380,2389,2430,2407,2160,2153,2114,2139,2068,2061,2086,2111,2232,2209,2186,2195,2268,2245,2286,2295},{0,26,52,46,104,114,92,70,208,202,228,254,184,162,140,150,416,442,404,398,456,466,508,486,368,362,324,350,280,258,300,310,832,858,884,878,808,818,796,774,912,906,932,958,1016,994,972,982,736,762,724,718,648,658,700,678,560,554,516,542,600,578,620,630,1664,1690,1716,1710,1768,1778,1756,1734,1616,1610,1636,1662,1592,1570,1548,1558,1824,1850,1812,1806,1864,1874,1916,1894,2032,2026,1988,2014,1944,1922,1964,1974,1472,1498,1524,1518,1448,1458,1436,1414,1296,1290,1316,1342,1400,1378,1356,1366,1120,1146,1108,1102,1032,1042,1084,1062,1200,1194,1156,1182,1240,1218,1260,1270,3328,3354,3380,3374,3432,3442,3420,3398,3536,3530,3556,3582,3512,3490,3468,3478,3232,3258,3220,3214,3272,3282,3324,3302,3184,3178,3140,3166,3096,3074,3116,3126,3648,3674,3700,3694,3624,3634,3612,3590,3728,3722,3748,3774,3832,3810,3788,3798,4064,4090,4052,4046,3976,3986,4028,4006,3888,3882,3844,3870,3928,3906,3948,3958,2944,2970,2996,2990,3048,3058,3036,3014,2896,2890,2916,2942,2872,2850,2828,2838,2592,2618,2580,2574,2632,2642,2684,2662,2800,2794,2756,2782,2712,2690,2732,2742,2240,2266,2292,2286,2216,2226,2204,2182,2064,2058,2084,2110,2168,2146,2124,2134,2400,2426,2388,2382,2312,2322,2364,2342,2480,2474,2436,2462,2520,2498,2540,2550},{0,27,54,45,108,119,90,65,216,195,238,245,180,175,130,153,432,427,390,413,476,455,490,497,360,371,350,325,260,287,306,297,864,891,854,845,780,791,826,801,952,931,910,917,980,975,994,1017,720,715,742,765,700,679,650,657,520,531,574,549,612,639,594,585,1728,1755,1782,1773,1708,1719,1690,1665,1560,1539,1582,1589,1652,1647,1602,1625,1904,1899,1862,1885,1820,1799,1834,1841,1960,1971,1950,1925,1988,2015,2034,2025,1440,1467,1430,1421,1484,1495,1530,1505,1400,1379,1358,1365,1300,1295,1314,1337,1040,1035,1062,1085,1148,1127,1098,1105,1224,1235,1278,1253,1188,1215,1170,1161,3456,3483,3510,3501,3564,3575,3546,3521,3416,3395,3438,3445,3380,3375,3330,3353,3120,3115,3078,3101,3164,3143,3178,3185,3304,3315,3294,3269,3204,3231,3250,3241,3808,3835,3798,3789,3724,3735,3770,3745,3640,3619,3598,3605,3668,3663,3682,3705,3920,3915,3942,3965,3900,3879,3850,3857,3976,3987,4030,4005,4068,4095,4050,4041,2880,2907,2934,2925,2860,2871,2842,2817,2968,2947,2990,2997,3060,3055,3010,3033,2800,2795,2758,2781,2716,2695,2730,2737,2600,2611,2590,2565,2628,2655,2674,2665,2080,2107,2070,2061,2124,2135,2170,2145,2296,2275,2254,2261,2196,2191,2210,2233,2448,2443,2470,2493,2556,2535,2506,2513,2376,2387,2430,2405,2340,2367,2322,2313},{0,28,56,36,112,108,72,84,224,252,216,196,144,140,168,180,448,476,504,484,432,428,392,404,288,316,280,260,336,332,360,372,896,924,952,932,1008,1004,968,980,864,892,856,836,784,780,808,820,576,604,632,612,560,556,520,532,672,700,664,644,720,716,744,756,1792,1820,1848,1828,1904,1900,1864,1876,2016,2044,2008,1988,1936,1932,1960,1972,1728,1756,1784,1764,1712,1708,1672,1684,1568,1596,1560,1540,1616,1612,1640,1652,1152,1180,1208,1188,1264,1260,1224,1236,1120,1148,1112,1092,1040,1036,1064,1076,1344,1372,1400,1380,1328,1324,1288,1300,1440,1468,1432,1412,1488,1484,1512,1524,3584,3612,3640,3620,3696,3692,3656,3668,3808,3836,3800,3780,3728,3724,3752,3764,4032,4060,4088,4068,4016,4012,3976,3988,3872,3900,3864,3844,3920,3916,3944,3956,3456,3484,3512,3492,3568,3564,3528,3540,3424,3452,3416,3396,3344,3340,3368,3380,3136,3164,3192,3172,3120,3116,3080,3092,3232,3260,3224,3204,3280,3276,3304,3316,2304,2332,2360,2340,2416,2412,2376,2388,2528,2556,2520,2500,2448,2444,2472,2484,2240,2268,2296,2276,2224,2220,2184,2196,2080,2108,2072,2052,2128,2124,2152,2164,2688,2716,2744,2724,2800,2796,2760,2772,2656,2684,2648,2628,2576,2572,2600,2612,2880,2908,2936,2916,2864,2860,2824,2836,2976,3004,2968,2948,3024,3020,3048,3060},{0,29,58,39,116,105,78,83,232,245,210,207,156,129,166,187,464,461,490,503,420,441,414,387,312,293,258,287,332,337,374,363,928,957,922,903,980,969,1006,1011,840,853,882,879,828,801,774,795,624,621,586,599,516,537,574,547,664,645,674,703,748,753,726,715,1856,1885,1914,1895,1844,1833,1806,1811,1960,1973,1938,1935,2012,1985,2022,2043,1680,1677,1706,1719,1764,1785,1758,1731,1656,1637,1602,1631,1548,1553,1590,1579,1248,1277,1242,1223,1172,1161,1198,1203,1032,1045,1074,1071,1148,1121,1094,1115,1328,1325,1290,1303,1348,1369,1406,1379,1496,1477,1506,1535,1452,1457,1430,1419,3712,3741,3770,3751,3828,3817,3790,3795,3688,3701,3666,3663,3612,3585,3622,3643,3920,3917,3946,3959,3876,3897,3870,3843,4024,4005,3970,3999,4044,4049,4086,4075,3360,3389,3354,3335,3412,3401,3438,3443,3528,3541,3570,3567,3516,3489,3462,3483,3312,3309,3274,3287,3204,3225,3262,3235,3096,3077,3106,3135,3180,3185,3158,3147,2496,2525,2554,2535,2484,2473,2446,2451,2344,2357,2322,2319,2396,2369,2406,2427,2064,2061,2090,2103,2148,2169,2142,2115,2296,2277,2242,2271,2188,2193,2230,2219,2656,2685,2650,2631,2580,2569,2606,2611,2696,2709,2738,2735,2812,2785,2758,2779,2992,2989,2954,2967,3012,3033,3070,3043,2904,2885,2914,2943,2860,2865,2838,2827},{0,30,60,34,120,102,68,90,240,238,204,210,136,150,180,170,480,510,476,450,408,390,420,442,272,270,300,306,360,374,340,330,960,990,1020,994,952,934,900,922,816,814,780,786,840,854,884,874,544,574,540,514,600,582,612,634,720,718,748,754,680,694,660,650,1920,1950,1980,1954,2040,2022,1988,2010,1904,1902,1868,1874,1800,1814,1844,1834,1632,1662,1628,1602,1560,1542,1572,1594,1680,1678,1708,1714,1768,1782,1748,1738,1088,1118,1148,1122,1080,1062,1028,1050,1200,1198,1164,1170,1224,1238,1268,1258,1440,1470,1436,1410,1496,1478,1508,1530,1360,1358,1388,1394,1320,1334,1300,1290,3840,3870,3900,3874,3960,3942,3908,3930,4080,4078,4044,4050,3976,3990,4020,4010,3808,3838,3804,3778,3736,3718,3748,3770,3600,3598,3628,3634,3688,3702,3668,3658,3264,3294,3324,3298,3256,3238,3204,3226,3120,3118,3084,3090,3144,3158,3188,3178,3360,3390,3356,3330,3416,3398,3428,3450,3536,3534,3564,3570,3496,3510,3476,3466,2176,2206,2236,2210,2296,2278,2244,2266,2160,2158,2124,2130,2056,2070,2100,2090,2400,2430,2396,2370,2328,2310,2340,2362,2448,2446,2476,2482,2536,2550,2516,2506,2880,2910,2940,2914,2872,2854,2820,2842,2992,2990,2956,2962,3016,3030,3060,3050,2720,2750,2716,2690,2776,2758,2788,2810,2640,2638,2668,2674,2600,2614,2580,2570},{0,31,62,33,124,99,66,93,248,231,198,217,132,155,186,165,496,495,462,465,396,403,434,429,264,279,310,297,372,363,330,341,992,1023,990,961,924,899,930,957,792,775,806,825,868,891,858,837,528,527,558,561,620,627,594,589,744,759,726,713,660,651,682,693,1984,2015,2046,2017,1980,1955,1922,1949,1848,1831,1798,1817,1860,1883,1914,1893,1584,1583,1550,1553,1612,1619,1650,1645,1736,1751,1782,1769,1716,1707,1674,1685,1056,1087,1054,1025,1116,1091,1122,1149,1240,1223,1254,1273,1188,1211,1178,1157,1488,1487,1518,1521,1452,1459,1426,1421,1320,1335,1302,1289,1364,1355,1386,1397,3968,3999,4030,4001,4092,4067,4034,4061,3960,3943,3910,3929,3844,3867,3898,3877,3696,3695,3662,3665,3596,3603,3634,3629,3720,3735,3766,3753,3828,3819,3786,3797,3168,3199,3166,3137,3100,3075,3106,3133,3224,3207,3238,3257,3300,3323,3290,3269,3472,3471,3502,3505,3564,3571,3538,3533,3432,3447,3414,3401,3348,3339,3370,3381,2112,2143,2174,2145,2108,2083,2050,2077,2232,2215,2182,2201,2244,2267,2298,2277,2480,2479,2446,2449,2508,2515,2546,2541,2376,2391,2422,2409,2356,2347,2314,2325,2976,3007,2974,2945,3036,3011,3042,3069,2904,2887,2918,2937,2852,2875,2842,2821,2640,2639,2670,2673,2604,2611,2578,2573,2728,2743,2710,2697,2772,2763,2794,2805},{0,32,64,96,128,160,192,224,256,288,320,352,384,416,448,480,512,544,576,608,640,672,704,736,768,800,832,864,896,928,960,992,1024,1056,1088,1120,1152,1184,1216,1248,1280,1312,1344,1376,1408,1440,1472,1504,1536,1568,1600,1632,1664,1696,1728,1760,1792,1824,1856,1888,1920,1952,1984,2016,2048,2080,2112,2144,2176,2208,2240,2272,2304,2336,2368,2400,2432,2464,2496,2528,2560,2592,2624,2656,2688,2720,2752,2784,2816,2848,2880,2912,2944,2976,3008,3040,3072,3104,3136,3168,3200,3232,3264,3296,3328,3360,3392,3424,3456,3488,3520,3552,3584,3616,3648,3680,3712,3744,3776,3808,3840,3872,3904,3936,3968,4000,4032,4064,4096,4128,4160,4192,4224,4256,4288,4320,4352,4384,4416,4448,4480,4512,4544,4576,4608,4640,4672,4704,4736,4768,4800,4832,4864,4896,4928,4960,4992,5024,5056,5088,5120,5152,5184,5216,5248,5280,5312,5344,5376,5408,5440,5472,5504,5536,5568,5600,5632,5664,5696,5728,5760,5792,5824,5856,5888,5920,5952,5984,6016,6048,6080,6112,6144,6176,6208,6240,6272,6304,6336,6368,6400,6432,6464,6496,6528,6560,6592,6624,6656,6688,6720,6752,6784,6816,6848,6880,6912,6944,6976,7008,7040,7072,7104,7136,7168,7200,7232,7264,7296,7328,7360,7392,7424,7456,7488,7520,7552,7584,7616,7648,7680,7712,7744,7776,7808,7840,7872,7904,7936,7968,8000,8032,8064,8096,8128,8160},{0,33,66,99,132,165,198,231,264,297,330,363,396,429,462,495,528,561,594,627,660,693,726,759,792,825,858,891,924,957,990,1023,1056,1025,1122,1091,1188,1157,1254,1223,1320,1289,1386,1355,1452,1421,1518,1487,1584,1553,1650,1619,1716,1685,1782,1751,1848,1817,1914,1883,1980,1949,2046,2015,2112,2145,2050,2083,2244,2277,2182,2215,2376,2409,2314,2347,2508,2541,2446,2479,2640,2673,2578,2611,2772,2805,2710,2743,2904,2937,2842,2875,3036,3069,2974,3007,3168,3137,3106,3075,3300,3269,3238,3207,3432,3401,3370,3339,3564,3533,3502,3471,3696,3665,3634,3603,3828,3797,3766,3735,3960,3929,3898,3867,4092,4061,4030,3999,4224,4257,4290,4323,4100,4133,4166,4199,4488,4521,4554,4587,4364,4397,4430,4463,4752,4785,4818,4851,4628,4661,4694,4727,5016,5049,5082,5115,4892,4925,4958,4991,5280,5249,5346,5315,5156,5125,5222,5191,5544,5513,5610,5579,5420,5389,5486,5455,5808,5777,5874,5843,5684,5653,5750,5719,6072,6041,6138,6107,5948,5917,6014,5983,6336,6369,6274,6307,6212,6245,6150,6183,6600,6633,6538,6571,6476,6509,6414,6447,6864,6897,6802,6835,6740,6773,6678,6711,7128,7161,7066,7099,7004,7037,6942,6975,7392,7361,7330,7299,7268,7237,7206,7175,7656,7625,7594,7563,7532,7501,7470,7439,7920,7889,7858,7827,7796,7765,7734,7703,8184,8153,8122,8091,8060,8029,7998,7967},{0,34,68,102,136,170,204,238,272,306,340,374,408,442,476,510,544,514,612,582,680,650,748,718,816,786,884,854,952,922,1020,990,1088,1122,1028,1062,1224,1258,1164,1198,1360,1394,1300,1334,1496,1530,1436,1470,1632,1602,1572,1542,1768,1738,1708,1678,1904,1874,1844,1814,2040,2010,1980,1950,2176,2210,2244,2278,2056,2090,2124,2158,2448,2482,2516,2550,2328,2362,2396,2430,2720,2690,2788,2758,2600,2570,2668,2638,2992,2962,3060,3030,2872,2842,2940,2910,3264,3298,3204,3238,3144,3178,3084,3118,3536,3570,3476,3510,3416,3450,3356,3390,3808,3778,3748,3718,3688,3658,3628,3598,4080,4050,4020,3990,3960,3930,3900,3870,4352,4386,4420,4454,4488,4522,4556,4590,4112,4146,4180,4214,4248,4282,4316,4350,4896,4866,4964,4934,5032,5002,5100,5070,4656,4626,4724,4694,4792,4762,4860,4830,5440,5474,5380,5414,5576,5610,5516,5550,5200,5234,5140,5174,5336,5370,5276,5310,5984,5954,5924,5894,6120,6090,6060,6030,5744,5714,5684,5654,5880,5850,5820,5790,6528,6562,6596,6630,6408,6442,6476,6510,6288,6322,6356,6390,6168,6202,6236,6270,7072,7042,7140,7110,6952,6922,7020,6990,6832,6802,6900,6870,6712,6682,6780,6750,7616,7650,7556,7590,7496,7530,7436,7470,7376,7410,7316,7350,7256,7290,7196,7230,8160,8130,8100,8070,8040,8010,7980,7950,7920,7890,7860,7830,7800,7770,7740,7710},{0,35,70,101,140,175,202,233,280,315,350,381,404,439,466,497,560,531,630,597,700,671,762,729,808,779,878,845,932,903,994,961,1120,1091,1062,1029,1260,1231,1194,1161,1400,1371,1342,1309,1524,1495,1458,1425,1616,1651,1558,1589,1756,1791,1690,1721,1864,1899,1806,1837,1988,2023,1922,1953,2240,227